39 24 31.8 
39 25 32.26 
39 25 32.3 
39 24 31.80666666666667 
39 24 31.773333333333333 
39 26 32.76 
40 25 32.8 
256 27 30.87 
256 28 32.986666666666665 
256 29 33.373333333333335 
256 26 31.573333333333334 
256 27 32.82333333333333 
51 27 31.303333333333335 
50 27 31.606666666666666 
53 30 33.693333333333335 
113 22 26.89 
39 23 31.313333333333333 
39 25 32.26 
94 22 25.983333333333334 
40 21 22.616666666666667 
64 25 26.83 
65 20 22.55 
67 26 31.57 
69 25 28.99 
52 33 36.88666666666666 
30 24 24.613333333333333 
59 29 39.276666666666664 
44 30 30.608333333333334 
28 27 27.611666666666668 
113 32 36.48 
99 28 31.59 
34 27 27.51 
40 29 29.10333333333333 
113 31 33.76 
89 28 28.526666666666667 
108 26 26.685 
113 30 31.221666666666668 
209 32 35.68833333333333 
209 25 31.41 
257 26 34.73833333333334 
75 28 36.623333333333335 
256 24 32.028333333333336 
303 26 43.845 
209 24 39.346666666666664 
209 26 50.12 
303 25 48.77 
